"year","month","year_month","n_days","FCH4","TA_gapfilled","TS_3_gapfilled","SWC_3_1_1","VPD","RH","H","LE","G_1_1_1"
2017,7,"2017-07",9,8.42144913278883,14.7400441363697,7.6142817042936,60.5369252077959,5.02214032915491,74.8820653985797,39.2770957766468,41.6712811757008,NA
2017,8,"2017-08",23,5.46547528310611,9.79980037758542,5.8003588642764,59.5139200692262,3.79007572299979,72.3833559069598,21.8197896407119,28.4838846743945,NA
2017,9,"2017-09",16,2.89349422771651,4.49415610499574,2.6325549107598,59.8434564063124,2.83898159820852,68.38958125,0.0730006698660509,13.9869831904769,NA
2017,10,"2017-10",10,2.49582355773149,1.334030714322,1.60237861809205,60.0056916716466,1.97276617549306,70.9791533692948,-5.70353404582412,11.206135140668,NA
2018,6,"2018-06",15,5.307760437789,12.2289417651324,6.44936624823067,47.1098607270095,6.25665927118192,61.2506750190965,49.3359262209906,43.5001123046765,65.8589462080094
2018,7,"2018-07",28,10.7966870994548,13.7147999527321,9.69871963995807,55.7324992996789,5.37481284417332,71.2509833429607,45.9336814180455,43.9055468363526,56.7963668395393
2018,8,"2018-08",19,10.3465994973512,10.0533723339376,8.06490356294128,66.1275028168891,4.11743797513862,68.4278082807951,23.8801714223604,30.3348090568762,30.1043045845748
2018,9,"2018-09",21,11.1117961800745,7.79983103559451,5.52662927041812,64.56885195118,3.8702333116678,67.320719066946,10.3952964944883,15.5104901941487,20.586502858875
2018,10,"2018-10",18,7.59015159211662,1.94290730925846,1.57266761609432,64.2710132829535,3.66168977879818,57.0853444312913,-14.793778854345,10.8793043714711,3.50128455776678
2018,11,"2018-11",16,4.42616805447485,-7.95479645657064,-0.732343869946111,52.2176166402926,1.89992440845166,43.5671463222879,-18.0502977853139,2.02636226376538,-51.2375495032921
2019,2,"2019-02",11,4.8627659609606,-9.34720115501898,-0.0848944727353971,13.6245280331374,1.51397187103199,49.0517344517119,-15.8805816394597,6.44189411763795,-10.9704370640521
2019,3,"2019-03",17,3.87801921138094,-7.36515803684063,-0.137308495129189,13.5613963140614,1.47429827941641,59.2676262815009,-13.0298743089897,1.58744678746771,-4.22198840408911
2019,4,"2019-04",16,3.54029479190496,-3.02704989343465,-0.0530268037138497,15.5351495207185,2.43173224873317,54.682059722555,-18.1804455303332,6.73103469307088,-4.6830964343561
2019,5,"2019-05",18,3.12708558935351,5.28849314911182,0.750054306710295,18.8837885478676,3.76948750064468,60.855444486532,-14.2165419437801,8.89453738246931,21.5686639113029
2019,6,"2019-06",28,9.71479264220674,13.8383550757014,9.57008294724139,51.241915315884,7.90878356055844,57.7251045823624,59.7161188890697,49.4009924634034,83.012184237637
2019,7,"2019-07",27,19.56886983875,14.894968201563,12.5768427401748,60.5354863772901,7.69467545994529,64.0394946100973,39.1837161834116,47.940569035731,47.9413348787491
2019,8,"2019-08",19,18.7135015506441,10.6613004923171,8.96482924350219,63.0823741327205,5.29444275527478,62.3905348482275,27.6620800220175,33.5712327848846,33.5978313906146
2019,9,"2019-09",7,15.441225365008,2.60996393676094,2.03494035644178,65.3131978716754,3.86202362365941,49.6088687792248,5.67674440296557,14.3656268164977,5.80981782027346
2019,10,"2019-10",19,12.4234832015304,-1.22384113749382,-0.0391463598059303,63.207623070877,3.59223524541367,34.5139585142038,-11.5560986821167,8.43707641769223,-12.7829115912906
2019,11,"2019-11",26,13.0129352843735,-8.61547782718698,-2.99179096074609,33.2704662027308,2.69003056470634,26.6838158604283,-23.2049489465169,4.60341274148734,-91.0377394414038
2019,12,"2019-12",17,9.34196675727964,-10.8257467205403,-1.93574318908216,7.71898391489519,2.60953722048248,35.7195651716975,-26.2793550838831,0.804001493961569,-60.7314067157897
2020,1,"2020-01",7,12.7275568874114,-15.4405853815678,-4.27800132742922,5.61155214243975,2.64891562727384,25.9623949915547,-24.8440292155086,4.853580975,-88.6275943128923
2020,8,"2020-08",18,10.1602361553171,11.2505225794455,8.491212571911,59.1731331410632,6.62618984071989,56.0901360508917,32.9439136710612,32.0684900574584,42.9697743460919
2020,9,"2020-09",10,10.1334607116444,5.0272194655364,4.07359481585422,57.7864175799893,4.90494102256991,46.5366779108152,19.7060353207494,16.8964122071181,11.8087701327642
2021,6,"2021-06",8,14.293966432267,13.1913649572647,9.30201174095659,57.645384957298,7.69557470402094,53.7803216145833,43.7409371701395,53.3390578997088,67.6437268907487
2021,7,"2021-07",19,12.5803081171371,11.7317771381389,8.92635607462143,58.7206715076273,6.60237711304439,54.6957288303499,41.6201340482272,42.5551033261896,54.5871548027438
2021,8,"2021-08",13,12.9363078005871,8.62166706018117,7.22964278102975,60.4659562643317,6.61457434774668,44.8780594753322,26.2713374997336,32.4843677277059,28.488156981788
2021,9,"2021-09",10,9.06827894009174,5.25072385680664,4.44914382443761,59.9165435530839,5.42751675935104,39.6997586923299,7.77496397672603,18.7883040902654,11.8275261848305
2022,5,"2022-05",20,5.80722300966709,7.00188312742667,3.30870267348083,14.5275488646685,8.36934346649809,28.6892812341991,68.521197349098,34.6381351791317,59.1793696506016
2022,6,"2022-06",28,4.38171670631128,11.7697206282711,8.71820932460444,42.2135126487616,9.79436021664654,37.5877952844789,63.8707547003866,41.2451858775627,54.837243196077
2022,7,"2022-07",24,3.7778995706015,12.8174404300742,10.0548677749159,48.9753233730385,8.88047568969779,44.1424677020009,46.6271520298545,41.1951384686131,54.2384733930081
2022,8,"2022-08",25,6.92621736440386,9.46506031657857,7.45421527947281,56.0052326172787,7.01890027613741,43.3438579234351,30.4137553593746,31.4668923430759,35.2404978853948
2022,9,"2022-09",6,5.98357858856487,8.37297655359792,6.50970355619938,58.0469918533271,6.38582277289198,43.5176600694445,9.04442667062279,22.6088079875739,20.5944829701822
